1 0
6 5
10 9
46 45
60 59
65 64
546 545
757 756
2044 2043
5613 5612
71865 71864
121614 121613
137160 137159
1 0
2 1
4 3
5 4
8 7
46 45
368 367
8807 8806
12984 12983
37613 37612
147016 147015
156133 156132
378374 378373
862603 862602
1 0
2 1
5 4
9 8
17 16
22 21
44 43
84 83
422 421
623 622
692 691
789 788
1767 1766
91789 91788
456209 456208
559242 559241
572306 572305
689593 689592
992112 992111
1 0
2 1
6 5
15 14
46 45
49 48
98 97
100 99
118 117
173 172
178 177
607 606
2684 2683
2814 2813
28771 28770
31153 31152
162717 162716
1 0
4 3
28 27
185 184
1185 1184
1359 1358
5154 5153
6300 6299
9581 9580
10930 10929
16529 16528
55334 55333
61344 61343
67379 67378
92702 92701
103381 103380
187450 187449
410336 410335
1 0
2 1
8 7
11 10
108 107
238 237
284 283
329 328
1133 1132
1968 1967
2988 2987
5711 5710
10622 10621
20686 20685
36823 36822
41421 41420
99768 99767
320207 320206
1 0
2 1
4 3
5 4
10 9
112 111
130 129
180 179
1581 1580
26440 26439
127776 127775
160899 160898
180285 180284
259319 259318
741833 741832
951329 951328
1 0
2 1
7 6
8 7
22 21
31 30
385 384
1341 1340
2081 2080
2422 2421
333259 333258
1 0
3 2
63 62
65 64
101 100
148 147
929 928
1744 1743
2464 2463
5112 5111
21952 21951
40823 40822
44666 44665
67865 67864
94572 94571
209534 209533
228331 228330
324096 324095
614840 614839
1 0
2 1
3 2
17 16
18 17
24 23
71 70
202 201
2613 2612
3645 3644
16594 16593
32076 32075
90179 90178
503799 503798
1 0
3 2
17 16
57 56
80 79
165 164
220 219
326 325
362 361
554 553
788 787
1671 1670
1675 1674
1970 1969
4019 4018
6651 6650
7064 7063
8706 8705
35819 35818
43267 43266
63170 63169
151766 151765
613329 613328
1 0
11 10
23 22
65 64
253 252
258 257
470 469
22800 22799
71705 71704
98297 98296
122502 122501
489058 489057
542171 542170
979352 979351
1 0
3 2
6 5
9 8
35 34
99 98
228 227
437 436
489 488
817 816
3497 3496
6018 6017
32481 32480
342294 342293
382025 382024
798010 798009
